1496957718.011299 0.0000000 0.0000000 0.0000000 0.0000000 0.0000000 0.0000000 1.0000000
1496957722.011889 -0.0009295 -0.0108326 -0.0093243 0.0708815 -0.0004931 -0.0254103 0.9971609
1496957722.179406 -0.0006401 -0.0120996 -0.0100026 0.0748275 0.0009519 -0.0244547 0.9968961
1496957724.313600 -0.0009233 -0.0238946 -0.0203135 0.1213527 -0.0061882 -0.0253585 0.9922662
1496957727.179832 -0.0001054 -0.0327694 -0.0349375 0.2114569 -0.0105736 -0.0174403 0.9771745
1496957734.779769 -0.0091995 -0.0707801 0.0345925 0.1333173 -0.0202899 -0.0355825 0.9902266
1496957737.413779 -0.0147308 -0.0876561 0.0887768 0.1014544 -0.0290681 -0.0083139 0.9943807
1496957742.081707 -0.0174572 -0.0988191 0.1416371 0.1158709 0.0046574 -0.0606776 0.9913982
1496957745.847675 -0.0267691 -0.1033576 0.1496257 0.2243024 0.0625435 -0.0514435 0.9711490
1496957751.149627 -0.0245051 -0.1444174 0.1759099 0.2604926 -0.0405360 -0.0612881 0.9626756
1496957762.983529 -0.0135199 -0.1930459 0.2640750 0.3480063 0.0508350 -0.0491411 0.9348222
1496957776.019434 -0.0072363 -0.1871901 0.2860244 0.2207026 0.1665597 0.0140485 0.9609115
1496957780.619405 -0.0042827 -0.1763152 0.2965357 0.0810883 0.1231903 0.0585842 0.9873281
1496957785.887330 -0.0243722 -0.2010146 0.3231606 0.0632589 0.0650783 0.0220777 0.9956283
1496957787.553330 -0.0141215 -0.2261222 0.3339373 0.1543011 0.1067022 -0.0149273 0.9821318
1496957789.421301 0.0170006 -0.2590332 0.3555957 0.2402800 0.1730800 0.0532462 0.9536633
1496957791.121291 0.0392739 -0.2878163 0.3490603 0.2987109 0.0713107 0.0234665 0.9513863
1496957794.990886 0.0302866 -0.3111558 0.3464671 0.2871130 -0.0631124 0.0471074 0.9546538
1496957799.055222 0.0275468 -0.3354390 0.3414571 0.3708530 -0.0809539 -0.0041088 0.9251474
1496957806.323156 0.0175260 -0.3599069 0.3352327 0.4704465 0.0160521 0.0295860 0.8817863
1496957813.791095 0.0182999 -0.3822811 0.3381230 0.5390334 0.2465992 -0.0781063 0.8015805
1496957820.893032 0.0343653 -0.3798196 0.3616015 0.4152306 0.3406747 0.0262718 0.8431098
1496957826.358990 0.0553793 -0.4068813 0.3623807 0.2767610 0.3473223 0.0365050 0.8952307
1496957827.726979 0.0606374 -0.4101536 0.3783307 0.2309168 0.4255896 0.0961141 0.8696626
1496957833.060928 0.0664523 -0.4093398 0.3857699 0.2732963 0.4773948 0.0581249 0.8330815
1496957835.560907 0.0725107 -0.4176910 0.3822870 0.3046791 0.5289096 0.0153621 0.7919528
1496957839.694870 0.1037387 -0.4382061 0.3949953 0.2777880 0.4928119 0.0459293 0.8233230
1496957840.428864 0.1189918 -0.4482945 0.3876874 0.2726078 0.4673331 0.0772334 0.8374484
1496957847.166199 0.1232421 -0.4709739 0.3801933 0.2533933 0.5475302 0.0879847 0.7926293
1496957855.030740 0.1483171 -0.4999953 0.3831952 0.2004610 0.5486491 0.1229871 0.8022928
1496957860.298695 0.1830533 -0.5242315 0.3981750 0.1596265 0.5876620 0.0690196 0.7901956
1496957860.664694 0.1935868 -0.5314828 0.3959509 0.1601946 0.6075694 0.0996339 0.7715376
1496957865.298655 0.1903903 -0.5635971 0.3672590 0.1547848 0.4864523 0.1449493 0.8475822
1496957869.998614 0.1603893 -0.5856185 0.3564649 0.2174018 0.3774132 0.1301537 0.8907052
1496957876.566612 0.1433373 -0.6071200 0.3611569 0.2883040 0.3056686 0.0720197 0.9045777
1496957884.368492 0.1856348 -0.5816683 0.3654697 0.1711954 0.5255897 0.1700860 0.8157931
1496957886.100480 0.2022661 -0.5815527 0.3704108 0.2187724 0.5764500 0.1508526 0.7727143
1496957886.768470 0.2196064 -0.5815864 0.3844956 0.1849659 0.5809332 0.1709938 0.7739931
1496957888.002488 0.2454848 -0.5841706 0.3947513 0.1609176 0.6036728 0.1584230 0.7645828
1496957888.868452 0.2805045 -0.5827656 0.4128665 0.1907451 0.6257396 0.1934074 0.7312043
1496957889.034451 0.2867443 -0.5789893 0.4144768 0.1694416 0.6258868 0.2213128 0.7284064
1496957889.234450 0.2892572 -0.5798935 0.4170508 0.1688031 0.6236971 0.1984272 0.7369763
1496957890.968436 0.2927040 -0.5918224 0.4128724 0.1111824 0.6595472 0.0919400 0.7376876
1496957891.736428 0.2831560 -0.5950223 0.4203164 0.1104168 0.6836702 0.0742102 0.7175626
1496957893.236414 0.2782561 -0.5970573 0.4130737 0.0677964 0.6845735 0.0856453 0.7207133
1496957894.069329 0.2758456 -0.5971628 0.4099047 0.0936666 0.6637322 0.0620494 0.7394836
1496957894.368405 0.2731618 -0.5893608 0.4119266 0.1177670 0.6408545 0.0604170 0.7561655
1496957894.636404 0.2774039 -0.5921830 0.4080954 0.1619730 0.6310934 0.0938249 0.7527834
1496957895.002417 0.2776228 -0.5961777 0.4035809 0.1775211 0.6190813 0.1171417 0.7559779
1496957895.470394 0.2842101 -0.5928957 0.4028508 0.1494873 0.6112936 0.1322033 0.7658302
1496957897.436378 0.2911652 -0.6060317 0.3914774 0.1565426 0.6116672 0.1711205 0.7563567
1496957898.736402 0.2965896 -0.6140714 0.3880536 0.1844016 0.6354338 0.1390986 0.7367982
1496957902.672134 0.3420250 -0.6162992 0.3931013 0.1574971 0.5982557 0.1760537 0.7656957
1496957906.570300 0.3753106 -0.6276438 0.3949380 0.1314264 0.5940955 0.1884573 0.7708836
1496957910.104272 0.4301369 -0.6274329 0.4000310 0.1424367 0.5522749 0.1802763 0.8013768
1496957915.372226 0.4271946 -0.6404273 0.3955680 0.2305220 0.3948322 0.1046381 0.8831863
1496957924.040152 0.4864582 -0.6464761 0.3935947 0.1513756 0.4496876 0.1464581 0.8679957
1496957933.208074 0.5408429 -0.6380437 0.3928640 0.2293339 0.4969082 0.1478613 0.8237871
1496957940.842009 0.6435595 -0.6683480 0.4243446 0.1570421 0.5231450 0.1477855 0.8245099
1496957945.409969 0.7383091 -0.6817477 0.4277469 0.1965933 0.5709786 0.1473962 0.7833319
1496957951.877929 0.8334290 -0.6864880 0.4511110 0.1429926 0.5158066 0.1594610 0.8294992
1496957954.543897 0.8439303 -0.7091576 0.4374388 0.2250898 0.4234887 0.1119389 0.8703226
1496957965.079802 0.8551061 -0.6939542 0.4489703 0.1296675 0.5074991 0.1867161 0.8311246
1496957965.645797 0.8639287 -0.7005749 0.4578342 0.1643925 0.5534677 0.1691796 0.7987658
1496957966.479789 0.8816608 -0.7170582 0.4685655 0.2308803 0.5658295 0.1721759 0.7725845
1496957968.513797 0.9500773 -0.7111368 0.4736746 0.2366660 0.5774376 0.1522742 0.7663991
1496957973.015387 0.9609046 -0.7109093 0.4725516 0.1452286 0.4536688 0.1586932 0.8648177
1496957978.781688 0.9995160 -0.7092547 0.4896358 0.1622126 0.3884539 0.1068394 0.9007641
1496957983.481681 1.0368581 -0.7292509 0.4909706 0.2172603 0.3374763 0.0561728 0.9141949
1496957991.949571 1.0467265 -0.7551947 0.5048968 0.1944161 0.1701350 0.0102104 0.9659981
1496957996.617532 1.0531734 -0.7517961 0.5136009 0.0197891 0.1197481 0.0743866 0.9898158
1496958003.485473 1.0605347 -0.7691781 0.5214712 0.1282163 0.0794216 0.0321975 0.9880365
1496958007.552252 1.0974435 -0.7661011 0.5470858 0.1435321 0.0474549 0.0089874 0.9884664
1496958010.685413 1.0875353 -0.7994285 0.5597976 0.1437097 -0.0700703 0.0026266 0.9871326
1496958014.753377 1.0787219 -0.8187383 0.5535216 0.1623679 -0.1615952 -0.0146405 0.9732982
1496958017.787350 1.0715724 -0.8310901 0.5299979 0.2401682 -0.1681323 -0.0245492 0.9557448
1496958025.321288 1.0835921 -0.8094712 0.5649292 0.0805903 -0.1030589 -0.0368643 0.9907195
1496958031.421237 1.0901943 -0.8132174 0.5723863 0.0810070 -0.1464321 -0.0682985 0.9835298
1496958032.055230 1.0944905 -0.8092074 0.5897787 0.0755769 -0.1362897 -0.1078182 0.9818801
1496958032.855223 1.1012663 -0.8064007 0.6010231 0.0662406 -0.1026502 -0.0876239 0.9886340
1496958033.655217 1.1086621 -0.8166437 0.6148322 0.0946077 -0.0216175 -0.0447813 0.9942719
1496958034.555213 1.0990486 -0.8215873 0.6216413 0.1533839 -0.1607100 -0.0870343 0.9711183
1496958042.257150 1.0867538 -0.8340202 0.6526690 0.1184312 -0.0839156 -0.0827526 0.9859433
1496958043.657145 1.0841860 -0.8592929 0.6830173 0.1339867 -0.1233754 -0.0888440 0.9792511
1496958046.557106 1.0899467 -0.8842431 0.6844676 0.2388093 -0.1309986 -0.0894179 0.9580261
1496958053.391049 1.0576503 -0.9206041 0.6923091 0.1615114 -0.2562302 -0.0929165 0.9484865
1496958058.593003 1.0554513 -0.9347096 0.7148522 0.0384320 -0.1198536 -0.1230416 0.9843876
1496958065.292948 1.0474107 -0.9498633 0.7894030 0.0196933 -0.0699911 -0.0942628 0.9928887
1496958077.762838 1.0344768 -0.9651594 0.8297971 -0.1572682 0.0435932 -0.0954008 0.9819700
1496958090.796839 1.0280783 -0.9881507 0.8864819 -0.0854537 -0.0565823 -0.0690218 0.9923367
1496958092.864708 1.0345013 -1.0039434 0.9047756 0.0054546 -0.1941025 -0.0597958 0.9791420
1496958097.230707 1.0412053 -1.0308950 0.9486307 0.0910917 -0.2233362 -0.0704353 0.9679164
1496958103.732616 1.0092237 -1.0608549 0.9277492 0.0856291 -0.2986891 -0.1080102 0.9443444
1496958106.798600 1.0065866 -1.0667655 0.9170747 0.1434350 -0.3852005 -0.0741084 0.9086005
1496958115.569555 1.0122075 -1.0716286 0.9726201 0.2826425 -0.3051068 -0.0216218 0.9091510
1496958127.668413 1.0386591 -1.0871353 1.0275775 0.1545445 -0.2477173 -0.1162265 0.9493385
1496958132.570398 1.0344394 -1.0954136 1.0561502 0.0110251 -0.3930079 -0.1788184 0.9019131
1496958136.470340 1.0206574 -1.0850272 1.0583701 -0.1283826 -0.3508756 -0.2394632 0.8961371
1496958146.372252 1.0181431 -1.0851690 1.0839872 -0.2784522 -0.3911269 -0.3160007 0.8183078
1496958148.506235 1.0115325 -1.0667071 1.0768547 -0.3530754 -0.4165844 -0.3811601 0.7459974
1496958154.241373 0.9833366 -1.0541264 1.0649836 -0.3427992 -0.4803155 -0.5461943 0.5945229
1496958157.106165 0.9858897 -1.0629728 1.0587788 0.2651140 0.6098747 0.6310963 -0.3993557
1496958159.706142 0.9987921 -1.0810134 1.0565596 0.1635546 0.6988781 0.6563739 -0.2323631
1496958163.240113 1.0033381 -1.0998757 1.0541912 0.1031570 0.7924789 0.5585665 -0.2221247
1496958168.942060 1.0097218 -1.1248306 1.0450298 0.0416282 0.8888547 0.4058225 -0.2085964
1496958175.942000 0.9907081 -1.1308482 1.0565310 0.0069523 0.8232588 0.4139148 -0.3884213
1496958178.809974 0.9834709 -1.1245309 1.0665646 0.0366527 0.7774612 0.4658711 -0.4209213
1496958180.343963 0.9816477 -1.1223050 1.0701432 0.0430090 0.7603349 0.4885147 -0.4259042
1496958180.743961 0.9810059 -1.1213572 1.0717876 0.0454693 0.7548023 0.4932468 -0.4300159
1496958182.475945 0.9803294 -1.1273850 1.0769949 0.0467756 0.7379787 0.4901447 -0.4614733
1496958182.509945 0.9803264 -1.1277579 1.0767618 0.0479323 0.7379345 0.4906183 -0.4609217
1496958183.213987 0.9835578 -1.1287222 1.0712335 0.0710875 0.7505240 0.4974621 -0.4291756
1496958183.743937 0.9855503 -1.1271005 1.0685959 0.0795897 0.7569159 0.5047477 -0.4073985
1496958185.110745 0.9863909 -1.1216102 1.0679910 0.1054585 0.7396884 0.5444434 -0.3812099
1496958187.911559 0.9885125 -1.1074628 1.0594214 0.1288904 0.7243125 0.6040488 -0.3064045
1496958189.877881 0.9901317 -1.1019698 1.0471843 0.1217702 0.7651592 0.5806265 -0.2501523
1496958191.743871 1.0068101 -1.0918605 1.0433153 0.1003847 0.8252093 0.5264899 -0.1782158
1496958194.711843 1.0220062 -1.0684384 1.0632575 0.0917667 0.8824468 0.4545115 -0.0792834
1496958198.445809 1.0263869 -1.0392820 1.1074910 0.0881057 0.9330956 0.3467064 -0.0369424
1496958203.713763 1.0250545 -1.0185677 1.1263822 0.0613832 0.9083577 0.4077453 -0.0697287
1496958220.181624 1.0359232 -1.0133319 1.1078012 0.0870754 0.9348979 0.3375863 0.0664771
1496958229.149546 1.0497272 -0.9917303 1.0412139 0.0601989 0.9532266 0.2870421 0.0730886
1496958232.383550 1.0497137 -0.9878032 0.9943323 0.0724198 0.9601870 0.2664383 0.0425087
1496958242.019435 1.0465237 -0.9698166 0.9683727 0.0580543 0.9391547 0.3322043 -0.0652561
1496958246.819402 1.0505639 -0.9537348 0.9284418 0.0569583 0.9386120 0.2956459 -0.1683943
1496958249.785374 1.0498331 -0.9160413 0.8818106 0.0560742 0.9451666 0.3209096 -0.0230825
1496958255.221323 1.0639428 -0.9250973 0.8619664 0.0693342 0.9696012 0.2304307 0.0443627
1496958260.623030 1.0568523 -0.9426423 0.8661128 0.0707158 0.9957090 0.0482029 0.0352040
1496958277.591132 1.0685790 -0.8981607 0.8433250 0.0881927 0.9719548 0.2179992 0.0015257
1496958281.123103 1.0670226 -0.8935250 0.7984732 0.0845493 0.9650859 0.2477986 0.0075090
1496958285.057069 1.0803943 -0.8711064 0.7520972 0.0938435 0.9319826 0.3434925 0.0679309
1496958293.759066 1.0850580 -0.8729135 0.7070279 0.0343626 0.9062487 0.4158279 -0.0679675
1496958297.458995 1.0784190 -0.9092211 0.7125292 0.0213929 0.9398410 0.3247397 -0.1038528
1496958301.260929 1.0702386 -0.9246398 0.7133066 -0.0050197 0.9647747 0.2148089 -0.1517947
1496958307.694874 1.0852082 -0.8713331 0.6904509 0.0635343 0.9451164 0.3201872 -0.0140914
1496958310.294852 1.0922346 -0.8482873 0.6837887 0.0959704 0.9130899 0.3962657 -0.0054802
1496958312.194838 1.1028682 -0.8360376 0.6728930 0.0418506 0.9409831 0.3290300 -0.0673695
1496958314.194821 1.1025635 -0.8132874 0.6534795 0.0698486 0.9558374 0.2826749 -0.0398859
1496958316.462805 1.1064769 -0.8049768 0.6158878 0.0587799 0.8941130 0.4280641 -0.1177622
1496958320.996800 1.1221788 -0.7962896 0.6010185 0.0094329 0.8819917 0.4191904 -0.2151303
1496958326.430714 1.1028652 -0.7778848 0.5655217 0.0913663 0.8418201 0.4646408 -0.2590367
1496958330.733538 1.0773580 -0.7548413 0.5139673 0.1285781 0.7414457 0.4404998 -0.4895772
1496958337.164625 1.0599036 -0.7301207 0.5016119 0.0531906 -0.7816492 -0.3538977 0.5108344
1496958339.932616 1.0245082 -0.7260267 0.4858952 0.0242805 -0.7387162 -0.2653449 0.6191129
1496958350.700541 0.9337085 -0.7154229 0.4600467 0.0031202 -0.7365667 -0.2731290 0.6187571
1496958354.834476 0.8729869 -0.7207742 0.4596976 -0.0596941 -0.7501307 -0.2654557 0.6027220
1496958359.102435 0.8111138 -0.6941506 0.4404715 -0.0199751 -0.7220099 -0.2620215 0.6400371
1496958364.002472 0.7459384 -0.6781495 0.4128709 0.0238060 -0.7469164 -0.2652256 0.6092656
1496958367.939347 0.7157737 -0.7046119 0.4012974 0.0459107 -0.7952424 -0.2124728 0.5659832
1496958376.638286 0.6519674 -0.6780963 0.3851149 0.0307593 -0.7244844 -0.1882951 0.6623602
1496958380.004259 0.5731145 -0.6564152 0.3725446 0.0256140 -0.6707228 -0.2526239 0.6968902
1496958384.572223 0.4919799 -0.6267961 0.3646405 -0.0230199 -0.7029681 -0.3051559 0.6420170
1496958387.906194 0.4171089 -0.6064528 0.3576076 -0.0041417 -0.7118406 -0.2706630 0.6480798
1496958390.806168 0.3348753 -0.5889993 0.3504654 -0.0564922 -0.7205330 -0.3193925 0.6128860
1496958396.174121 0.2917937 -0.5666481 0.3421653 -0.1075304 -0.7074499 -0.4189583 0.5589505
1496958400.574612 0.3216252 -0.6063126 0.3428222 0.0295012 -0.6788131 -0.2644788 0.6843928
1496958404.774047 0.3340148 -0.6264399 0.3465533 0.0817361 -0.6109841 -0.2233095 0.7550831
1496958413.741972 0.3407127 -0.6106524 0.3637300 -0.0773316 -0.5752326 -0.2987358 0.7575514
1496958417.475941 0.3170413 -0.5909516 0.3471190 -0.1141240 -0.6470949 -0.3855673 0.6477513
1496958418.909929 0.2817562 -0.5801090 0.3420514 -0.0997462 -0.7110105 -0.3589058 0.5964071
1496958421.909901 0.2472248 -0.5729898 0.3462225 -0.1464742 -0.7036614 -0.4210573 0.5532781
1496958423.511886 0.2122357 -0.5508963 0.3314689 -0.1844089 -0.6476582 -0.4753081 0.5662282
1496958426.077864 0.1952401 -0.5316337 0.3374864 0.2293275 0.6570196 0.5206069 -0.4946741
1496958434.879789 0.1578403 -0.5022213 0.3380871 0.2740029 0.6209323 0.5550643 -0.4809045
1496958441.147738 0.1239878 -0.5050307 0.3430997 -0.3073518 -0.5080059 -0.5459142 0.5911366
1496958444.113709 0.1134781 -0.4816768 0.3494900 -0.2930046 -0.4203885 -0.4860879 0.7079127
1496958447.213685 0.1091986 -0.4638291 0.3552285 -0.4023092 -0.3966193 -0.5156619 0.6441531
1496958450.881658 0.0819654 -0.4648867 0.3619873 -0.4259384 -0.4130344 -0.5677916 0.5706064
1496958455.015616 0.0678532 -0.4673853 0.3714746 -0.3383738 -0.4057044 -0.4452926 0.7229257
1496958458.249590 0.0764221 -0.4222902 0.3943803 -0.3334096 -0.3094977 -0.3669797 0.8114032
1496958461.683573 0.0580578 -0.3563744 0.4324123 -0.3741798 -0.2681851 -0.3632221 0.8100222
1496958463.683544 0.0551752 -0.3374951 0.4444979 -0.2829009 -0.1585188 -0.2070697 0.9230173
1496958463.749543 0.0482100 -0.3371048 0.4465663 -0.3146154 -0.1181165 -0.2186840 0.9161021
1496958463.783545 0.0456471 -0.3391021 0.4494576 -0.3160841 -0.1172708 -0.2257042 0.9140000
1496958464.983564 0.0282312 -0.3335869 0.4528525 -0.2582496 -0.1194907 -0.1395379 0.9484504
1496958467.883509 0.0402857 -0.3444585 0.4559840 -0.1160039 -0.1032741 -0.0793626 0.9846721
1496958476.451434 0.0396844 -0.3408698 0.5011088 0.0384650 -0.1026841 -0.0541480 0.9924940
1496958479.351410 0.0356595 -0.3331085 0.5738972 0.0251000 -0.1113990 -0.0701108 0.9909817
1496958483.753376 0.0018615 -0.3308179 0.6192940 0.1157553 -0.0534642 -0.0582518 0.9901258
1496958488.319337 0.0001176 -0.3637118 0.7159140 0.1255618 -0.0453206 -0.0376932 0.9903330
1496958494.755383 -0.0048152 -0.3873465 0.8353595 0.0902548 -0.0013932 -0.0238830 0.9956313
1496958500.189234 -0.0095777 -0.4590614 0.9108552 0.0874456 -0.0156685 -0.0357859 0.9954030
1496958504.023201 0.0050658 -0.5136067 0.9688569 0.1179634 -0.0172227 -0.0353944 0.9922375
1496958510.658977 0.0050053 -0.5335739 1.0783886 0.0868996 -0.0121291 -0.0244288 0.9958436
1496958513.423122 0.0116261 -0.5543525 1.1572818 0.1024500 -0.0426484 -0.0266806 0.9934653
1496958515.791115 0.0109093 -0.5757794 1.2170058 0.0877677 -0.0536943 -0.0293785 0.9942589
1496958518.957073 0.0038212 -0.6071755 1.2895088 0.0929732 -0.0396584 -0.0309194 0.9943979
1496958521.459054 0.0017160 -0.6311759 1.2816142 0.2169443 -0.0304115 -0.0284331 0.9752958
1496958537.560912 0.0106843 -0.6294804 1.3429705 0.0723758 -0.0481007 -0.0321525 0.9956979
1496958540.660889 0.0088336 -0.6647894 1.4111522 0.0646340 -0.0536416 -0.0426732 0.9955521
1496958544.629484 0.0098187 -0.6976689 1.4822204 0.0568998 -0.1071134 -0.0646091 0.9905124
1496958549.094816 -0.0061255 -0.7190841 1.5584103 0.0515101 -0.1148626 -0.0695173 0.9896063
1496958551.896793 0.0007112 -0.7414584 1.6184800 0.1061689 -0.1132008 -0.0567129 0.9862542
1496958556.562750 -0.0133649 -0.7659353 1.7207608 0.1649778 -0.0829299 -0.0679627 0.9804519
1496958559.562724 -0.0345711 -0.8059708 1.7932924 0.1000869 -0.1271140 -0.0938836 0.9823495
1496958563.830687 -0.0190783 -0.8143831 1.8432847 0.0284026 0.0650622 -0.0089768 0.9974365
1496958568.298648 -0.0029506 -0.8168373 1.9006239 0.0276522 0.2511435 0.0722177 0.9648559
1496958571.432622 0.0348147 -0.8441566 1.9346782 0.0264525 0.4241948 0.1212093 0.8970325
1496958572.464614 0.0549856 -0.8530482 1.9336579 0.1145323 0.4996807 0.0724125 0.8555455
1496958574.998594 0.1003799 -0.8886747 1.9383836 0.1040839 0.5992733 0.1544686 0.7785740
1496958576.134844 0.1216294 -0.9130561 1.9363230 0.1354947 0.6540205 0.1530912 0.7283278
1496958578.667248 0.1075712 -0.9529086 1.9072639 0.1382635 0.6431000 0.1580132 0.7364357
1496958580.166559 0.0712131 -0.9724594 1.8774470 0.1854310 0.5944595 0.1385427 0.7700904
1496958583.566520 0.0455208 -0.9941958 1.8828905 0.2633500 0.6111073 0.1224488 0.7363430
1496958585.766518 0.0133225 -1.0071249 1.8877437 0.2644415 0.6778345 0.0713167 0.6822940
1496958593.102438 0.0160178 -0.9918081 1.8897594 0.1583902 0.7336367 0.2174404 0.6240267
1496958599.736386 0.0175462 -0.9679865 1.9029602 0.1053203 0.7225800 0.3919826 0.5595851
1496958603.670351 -0.0358409 -0.9649141 1.9238906 0.0993161 0.8749449 0.3055211 0.3623045
1496958609.504300 -0.0476457 -0.9607890 1.9677182 0.1061547 0.9647134 0.0790288 0.2276261
1496958615.104626 -0.0621174 -0.9746247 1.9737099 0.0215259 0.9961321 -0.0441296 0.0728697
1496958629.340130 -0.0629038 -0.9551452 1.9693862 -0.0349426 0.9869385 0.0525592 -0.1482190
1496958632.540103 -0.0657284 -0.9437615 1.9660439 -0.0039221 0.9764609 0.1736565 -0.1278753
1496958638.142056 -0.0657015 -0.9308721 1.9634770 0.0230779 0.9557288 0.2828804 -0.0776443
1496958643.882202 -0.0645795 -0.9364265 1.9565679 0.0324910 0.9942351 0.0920977 -0.0442594
1496958644.641997 -0.0620763 -0.9461091 1.9358287 0.0270543 0.9947515 0.0730139 -0.0663823
1496958646.309984 -0.0649606 -0.9685227 1.9042748 0.0044541 0.9893316 0.0644764 -0.1305599
1496958649.643958 -0.0787095 -0.9907738 1.8857894 -0.0041050 0.9751889 0.0931553 -0.2007784
1496958654.479933 -0.0820737 -1.0125846 1.8703005 -0.0546599 0.9732435 0.0313273 -0.2209707
1496958658.478341 -0.0722394 -1.0336562 1.8488610 -0.0020209 0.9923345 -0.0155827 -0.1225782
1496958665.411821 -0.0594905 -1.0604339 1.8479967 0.0773242 0.9941992 -0.0523015 -0.0534187
1496958669.045789 -0.0483314 -1.0543615 1.8509558 0.1016957 0.9926611 0.0370224 0.0539566
1496958671.645769 -0.0425324 -1.0393142 1.8455572 0.1164624 0.9740611 0.0829745 0.1753756
1496958673.545752 -0.0172617 -1.0231309 1.8572254 0.1272480 0.9883380 -0.0170338 0.0818893
1496958674.413743 0.0027992 -1.0171857 1.8545471 0.1173096 0.9871649 -0.0379623 0.1015029
1496958676.213731 0.0339581 -1.0085899 1.8643295 0.0896030 0.9911272 -0.0936625 -0.0294202
1496958679.113705 0.0610271 -0.9901084 1.8716102 0.0002880 0.9788072 -0.1197434 -0.1661265
1496958689.117334 0.1103669 -1.0077846 1.8708658 -0.1141642 0.9315650 -0.0296706 -0.3439081
1496958692.849588 0.1417037 -1.0112569 1.8701972 -0.0566085 0.9211423 0.0913455 -0.3740966
1496958703.083500 0.1446943 -0.9927756 1.8774049 -0.0263955 0.8996425 0.1822297 -0.3959028
1496958706.285471 0.1404316 -0.9794197 1.8803928 0.0328825 0.8752710 0.2776948 -0.3945947
1496958711.219430 0.1388506 -0.9665447 1.8907976 0.1036017 0.8432968 0.3897124 -0.3553047
1496958716.253396 0.0733313 -0.9218646 1.8721063 0.0536507 0.8563614 0.4280418 -0.2838081
1496958716.585384 0.0551156 -0.9100831 1.8569168 0.0570298 0.8614307 0.4303219 -0.2636433
1496958716.853381 0.0341239 -0.8815832 1.8449075 0.0482376 0.8796294 0.4251708 -0.2077381
1496958716.953379 0.0260147 -0.8738301 1.8353150 0.0511874 0.8907347 0.4147454 -0.1787671
1496958720.353356 0.0234965 -0.8718605 1.8220108 0.0695714 0.8931371 0.4258792 -0.1268575
1496958721.819357 -0.0038854 -0.8707577 1.8158765 0.0731798 0.9083241 0.4118119 -0.0017362
1496958724.855074 -0.0055871 -0.8070388 1.7825955 0.0600692 0.9135919 0.4005560 0.0360054
1496958726.653302 0.0025496 -0.7725807 1.7163372 0.0479639 0.9295363 0.3654510 0.0103534
1496958729.254197 -0.0098518 -0.7826208 1.7260480 0.0642994 0.9810427 0.1766664 0.0470080
1496958738.689828 -0.0043049 -0.7350712 1.6268196 0.0798580 0.9485331 0.3048300 0.0314054
1496958741.623797 -0.0091928 -0.6943203 1.5381389 0.0645843 0.9576938 0.2801767 0.0123443
1496958743.389781 -0.0011238 -0.6850324 1.4662111 0.0754776 0.9571851 0.2791716 -0.0127640
1496958746.489757 -0.0067177 -0.6999146 1.3988566 0.0666849 0.9329035 0.3535531 -0.0156347
1496958750.625093 -0.0139843 -0.6387552 1.3021826 0.0648186 0.9424477 0.3280053 0.0018326
1496958753.125076 -0.0161444 -0.5927624 1.2241628 0.0612652 0.9393858 0.3364173 0.0249836
1496958755.690808 -0.0188156 -0.5364676 1.1138501 0.0637431 0.9434649 0.3230136 0.0383804
1496958758.058808 -0.0214182 -0.4960372 1.0270350 0.0594770 0.9350643 0.3483185 0.0281326
1496958761.058757 -0.0251420 -0.4720748 0.9558852 0.0651305 0.9347854 0.3476281 0.0329999
1496958763.693250 -0.0428845 -0.4598736 0.9144671 0.0681024 0.9440178 0.3226090 0.0107688
1496958766.393886 -0.0340791 -0.4376016 0.8509010 0.0637885 0.9302077 0.3607163 0.0229883
1496958768.825817 -0.0389832 -0.4126396 0.7972224 0.0685151 0.9222256 0.3657654 0.1049824
1496958772.693783 -0.0261209 -0.3688799 0.7311870 0.0586616 0.9347942 0.3324909 0.1103106
1496958774.361769 -0.0229912 -0.3480911 0.6834696 0.0753249 0.9521655 0.2733586 0.1139395
1496958776.027753 -0.0194683 -0.3362095 0.6278230 0.0779376 0.9587859 0.2346154 0.1400391
1496958777.661741 -0.0134895 -0.3101846 0.5752052 0.1006932 0.9644789 0.2052850 0.1322854
1496958781.861703 -0.0213532 -0.3170244 0.5621158 0.0851691 0.9828445 0.0829306 0.1410153
1496958787.963652 -0.0131409 -0.3368938 0.5529065 0.1000986 0.9795733 -0.0951993 0.1461284
1496958799.663573 -0.0241527 -0.2941691 0.5606025 0.0758456 0.9836545 0.1377894 0.0876661
1496958801.931687 -0.0272074 -0.2725429 0.5637686 0.0687448 0.9790570 0.1829853 0.0569037
1496958803.700199 -0.0291728 -0.2537896 0.5693439 0.0610774 0.9707254 0.2294751 0.0360970
1496958814.432562 -0.0240619 -0.2391089 0.5686846 0.0433037 0.9501257 0.3022841 0.0633267
1496958823.068477 -0.0051953 -0.2384919 0.5837076 0.0626827 0.9497541 0.3049382 -0.0324158
1496958823.900476 -0.0008266 -0.2367835 0.5836042 0.0503264 0.9543657 0.2937830 -0.0185685
1496958824.434467 0.0011381 -0.2298781 0.5926998 0.0610802 0.9572547 0.2827168 0.0019582
1496958855.706211 0.0041734 -0.2160250 0.5864924 0.0479585 0.9299380 0.3611706 0.0497114
