0
116
121
185
271
499
578
717
830
989
1344
1734
1872
2030
2080
2136
2187
2303
2425
2643
2866
3079
3243
3284
3444
3519
3643
3665
3867
4102
4260
4271
4410
4551
4748
4981
5033
5053
5090
5116
5121
5127
5179
5202
5247
5272
5281
5289
5300
5314
5373
5412
5530
5647
5753
5911
6170
6445
6674
6811
7005
7084
7400
7417
7442
7503
7638
7811
7952
8205
8345
8551
8673
8767
8889
8980
9205
9388
9407
9431
9455
9482
9713
9755
9842
10047
10203
10403
10777
11168
11230
11360
11555
11647
11910
12273
12420
12536
12833
12897
13069
13155
13233
13339
13509
13719
13805
13851
13863
13915
13916
13937
13953
13994
14078
14137
14193
14282
14394
14552
15045
15314
15411
15699
15843
15932
16095
16257
16765
16871
16989
17250
17361
17475
17668
17746
17802
17862
17930
18066
18229
18358
18551
18634
18956
19080
19208
19355
19473
19734
19835
19971
20071
20158
20319
20451
20577
20846
20957
21000
21090
21138
21215
21479
21667
21756
21849
21959
22082
22179
22282
22342
22344
22345
22381
22468
22725
22812
22944
23081
23273
23436
23551
23750
23833
23904
23999
24074
24556
24649
24768
24902
24986
25126
25216
25343
25477
25571
25602
25678
25712
25788
25833
25935
26001
26221
26419
26537
26712
26880
27307
27402
27570
27742
27765
27815
27915
28060
28180
28388
28496
28574
28631
28657
28711
28798
29098
29210
29517
29612
29760
29911
29921
29929
29932
30034
30078
30169
30223
30293
30575
30662
30715
30808
30931
31006
31081
31152
31242
31319
31394
31467
31583
31633
31682
31731
31857
32040
32390
32455
32505
32824
33083
33108
33124
34061
